227.37
2.09
2.11
0.43
27.60
1.35
58.15
1.14
24.91
50.28
26.38
260.38
2.30
2.27
0.38
31.02
1.46
64.80
1.41
26.42
52.37
28.98
19398
145
146
4
2372
84
4888
1
2024
3888
2184
594.33
1.47
1.51
0.63
399.89
3.01
1.18
3.34
10.73
10.46
12.48
651.32
1.66
1.67
0.66
433.38
3.13
0.98
3.33
11.32
11.13
13.63
24760
37
41
3
13264
79
9
2
608
608
688
1041.85
1.70
1.99
0.80
334.13
1.87
1.22
5.28
11.27
12.30
11.37 
1147.20
1.77
1.97
1.03
316.14
2.08
1.39
5.13
10.88
11.95
11.23
7.3
28996
29
33
3
8114
24
9
2
488
516
488
411.25
1.93
2.09
1.18
290.50
3.09
1.57
10.40
10.15
11.55
11.66
416.03
2.09
2.26
1.22
329.10
3.17
1.66
10.34
11.64
12.49
12.75
11076
29
33
3
8114
43
9
2
488
516
532
1033.12
2.06
2.13
1.14
307.72
2.99
1.60
10.80
10.77
11.80
11.89 
1125.30
2.16
2.32
1.27
338.26
3.26
1.65
10.93
11.85
13.18
13.27
28996
29
33
3
8114
43
9
2
488
516
532
